0	0.00000 
0.1	0.00026 
0.2	0.00054 
0.3	0.00082 
0.4	0.00112 
0.5	0.00144 
0.6	0.00180 
0.7	0.00220 
0.8	0.00265 
0.9	0.00315 
1	0.00373 
1.1	0.00438 
1.2	0.00514 
1.3	0.00600 
1.4	0.00701 
1.5	0.00816 
1.6	0.00950 
1.7	0.01104 
1.8	0.01283 
1.9	0.01491 
2	0.01731 
2.1	0.02010 
2.2	0.02333 
2.3	0.02707 
2.4	0.03141 
2.5	0.03643 
2.6	0.04226 
2.7	0.04900 
2.8	0.05682 
2.9	0.06586 
3	0.07632 
3.1	0.08841 
3.2	0.10237 
3.3	0.11848 
3.4	0.13704 
3.5	0.15839 
3.6	0.18290 
3.7	0.21097 
3.8	0.24302 
3.9	0.27948 
4	0.32079 
4.1	0.36733 
4.2	0.41945 
4.3	0.47739 
4.4	0.54124 
4.5	0.61091 
4.6	0.68605 
4.7	0.76604 
4.8	0.84994 
4.9	0.93650 
5	1.02423 
5.1	1.11137 
5.2	1.19610 
5.3	1.27653 
5.4	1.35087 
5.5	1.41751 
5.6	1.47502 
5.7	1.52222 
5.8	1.55819 
5.9	1.58219 
6	1.59366 
6.1	1.59219 
6.2	1.57747 
6.3	1.54928 
6.4	1.50753 
6.5	1.45224 
6.6	1.38358 
6.7	1.30193 
6.8	1.20791 
6.9	1.10238 
7	0.98644 
7.1	0.86141 
7.2	0.72871 
7.3	0.58984 
7.4	0.44621 
7.5	0.29915 
7.6	0.14983 
7.7	-0.00072 
7.8	-0.15154 
7.9	-0.30171 
8	-0.45019 
8.1	-0.59588 
8.2	-0.73750 
8.3	-0.87370 
8.4	-1.00311 
8.5	-1.12439 
8.6	-1.23637 
8.7	-1.33809 
8.8	-1.42883 
8.9	-1.50812 
9	-1.57574 
9.1	-1.63160 
9.2	-1.67578 
9.3	-1.70839 
9.4	-1.72957 
9.5	-1.73942 
9.6	-1.73801 
9.7	-1.72532 
9.8	-1.70129 
9.9	-1.66580 
10	-1.61872 
10.1	-1.55994 
10.2	-1.48942 
10.3	-1.40728 
10.4	-1.31381 
10.5	-1.20952 
10.6	-1.09519 
10.7	-0.97182 
10.8	-0.84060 
10.9	-0.70285 
11	-0.55990 
11.1	-0.41304 
11.2	-0.26342 
11.3	-0.11208 
11.4	0.04009 
11.5	0.19225 
11.6	0.34353 
11.7	0.49300 
11.8	0.63960 
11.9	0.78212 
12	0.91933 
12.1	1.04994 
12.2	1.17280 
12.3	1.28690 
12.4	1.39148 
12.5	1.48604 
12.6	1.57035 
12.7	1.64437 
12.8	1.70829 
12.9	1.76237 
13	1.80698 
13.1	1.84249 
13.2	1.86923 
13.3	1.88751 
13.4	1.89755 
13.5	1.89945 
13.6	1.89326 
13.7	1.87889 
13.8	1.85617 
13.9	1.82484 
14	1.78458 
14.1	1.73503 
14.2	1.67581 
14.3	1.60661 
14.4	1.52721 
14.5	1.43753 
14.6	1.33770 
14.7	1.22809 
14.8	1.10934 
14.9	0.98233 
15	0.84813 
15.1	0.70796 
15.2	0.56305 
15.3	0.41460 
15.4	0.26367 
15.5	0.11122 
15.6	-0.04192 
15.7	-0.19497 
15.8	-0.34713 
15.9	-0.49752 
16	-0.64514 
16.1	-0.78886 
16.2	-0.92747 
16.3	-1.05978 
16.4	-1.18467 
16.5	-1.30123 
16.6	-1.40876 
16.7	-1.50682 
16.8	-1.59527 
16.9	-1.67415 
17	-1.74373 
17.1	-1.80438 
17.2	-1.85657 
17.3	-1.90080 
17.4	-1.93755 
17.5	-1.96729 
17.6	-1.99041 
17.7	-2.00723 
17.8	-2.01801 
17.9	-2.02292 
18	-2.02202 
18.1	-2.01530 
18.2	-2.00267 
18.3	-1.98393 
18.4	-1.95880 
18.5	-1.92693 
18.6	-1.88792 
18.7	-1.84128 
18.8	-1.78652 
18.9	-1.72317 
19	-1.65077 
19.1	-1.56897 
19.2	-1.47759 
19.3	-1.37662 
19.4	-1.26631 
19.5	-1.14716 
19.6	-1.01994 
19.7	-0.88564 
19.8	-0.74537 
19.9	-0.60034 
20	-0.45170 
20.1	-0.30053 
20.2	-0.14775 
20.3	0.00581 
20.4	0.15939 
20.5	0.31224 
20.6	0.46354 
20.7	0.61232 
20.8	0.75752 
20.9	0.89797 
21	1.03250 
21.1	1.15998 
21.2	1.27946 
21.3	1.39021 
21.4	1.49176 
21.5	1.58392 
21.6	1.66670 
21.7	1.74035 
21.8	1.80525 
21.9	1.86186 
22	1.91072 
22.1	1.95235 
22.2	1.98725 
22.3	2.01589 
22.4	2.03866 
22.5	2.05591 
22.6	2.06790 
22.7	2.07480 
22.8	2.07673 
22.9	2.07371 
23	2.06570 
23.1	2.05258 
23.2	2.03414 
23.3	2.01010 
23.4	1.98012 
23.5	1.94378 
23.6	1.90061 
23.7	1.85010 
23.8	1.79171 
23.9	1.72494 
24	1.64933 
24.1	1.56452 
24.2	1.47033 
24.3	1.36678 
24.4	1.25411 
24.5	1.13287 
24.6	1.00383 
24.7	0.86798 
24.8	0.72646 
24.9	0.58045 
25	0.43108 
25.1	0.27939 
25.2	0.12630 
25.3	-0.02739 
25.4	-0.18094 
25.5	-0.33360 
25.6	-0.48452 
25.7	-0.63273 
25.8	-0.77716 
25.9	-0.91663 
26	-1.04997 
26.1	-1.17609 
26.2	-1.29408 
26.3	-1.40325 
26.4	-1.50319 
26.5	-1.59375 
26.6	-1.67501 
26.7	-1.74727 
26.8	-1.81095 
26.9	-1.86656 
27	-1.91467 
27.1	-1.95584 
27.2	-1.99061 
27.3	-2.01948 
27.4	-2.04288 
27.5	-2.06118 
27.6	-2.07468 
27.7	-2.08360 
27.8	-2.08810 
27.9	-2.08824 
28	-2.08403 
28.1	-2.07542 
28.2	-2.06227 
28.3	-2.04439 
28.4	-2.02153 
28.5	-1.99340 
28.6	-1.95966 
28.7	-1.91998 
28.8	-1.87401 
28.9	-1.82149 
29	-1.76220 
29.1	-1.69610 
29.2	-1.62331 
29.3	-1.54419 
29.4	-1.45936 
29.5	-1.36973 
29.6	-1.27646 
29.7	-1.18092 
29.8	-1.08461 
29.9	-0.98909 
30	-0.89583 
30.1	-0.80614 
30.2	-0.72111 
30.3	-0.64155 
30.4	-0.56801 
30.5	-0.50074 
30.6	-0.43980 
30.7	-0.38504 
30.8	-0.33619 
30.9	-0.29285 
31	-0.25462 
31.1	-0.22102 
31.2	-0.19160 
31.3	-0.16591 
31.4	-0.14354 
31.5	-0.12409 
31.6	-0.10722 
31.7	-0.09259 
31.8	-0.07993 
31.9	-0.06897 
32	-0.05950 
32.1	-0.05132 
32.2	-0.04426 
32.3	-0.03816 
32.4	-0.03289 
32.5	-0.02835 
32.6	-0.02443 
32.7	-0.02105 
32.8	-0.01813 
32.9	-0.01562 
33	-0.01344 
33.1	-0.01157 
33.2	-0.00995 
33.3	-0.00855 
33.4	-0.00734 
33.5	-0.00629 
33.6	-0.00539 
33.7	-0.00460 
33.8	-0.00391 
33.9	-0.00331 
34	-0.00279 
34.1	-0.00232 
34.2	-0.00191 
34.3	-0.00154 
34.4	-0.00120 
34.5	-0.00089 
34.6	-0.00060 
34.7	-0.00032 
34.8	-0.00005 
